.Random.seed <-
c(403L, 10L, -510709770L, -1676449504L, 255002339L, 144187265L, 
-1303467536L, -246769522L, 813637625L, 1076278667L, 2080805306L, 
2036371644L, 697431039L, -600407723L, 393837164L, -147452222L, 
108149021L, -1247203433L, -450893058L, 1907822776L, 1871837851L, 
191863033L, 1014434376L, -671001226L, -1967332175L, 1141049571L, 
-1206745166L, 304117764L, 929631047L, -947224035L, 1870076052L, 
733755450L, -1361233275L, 1025239903L, 1061725158L, 319270512L, 
196690323L, 1177036337L, -221233952L, 1208552830L, 908304393L, 
1112485947L, 2031992330L, -600863252L, 107676271L, 1272696229L, 
-1566503588L, 1998532914L, 1452003373L, -1437749529L, -1766292466L, 
358428136L, -1766492181L, 1062971529L, 37268504L, -881898682L, 
1695275425L, 680765491L, -113056350L, -253501292L, -1320401129L, 
684159245L, 2015287332L, -2144471030L, 1692527989L, 122510543L, 
-914780202L, 1396182912L, -1761778749L, -1784380063L, 38616016L, 
1574206254L, -1898043687L, -991234837L, 472495450L, 1668523804L, 
-206749153L, 1624613493L, -2018119924L, 1067369186L, 356014013L, 
1940090935L, -939312418L, -110246376L, -1264539269L, 1452417305L, 
-1117090392L, 1118400854L, -1521495599L, 1547997571L, 328265746L, 
-213113948L, -1095134361L, -254629699L, -1418637260L, 896902042L, 
2145071077L, 891157375L, -1270158586L, 697975952L, 442668339L, 
-434752815L, -1516586880L, -2021727906L, 1001019049L, -1309671077L, 
1001180010L, -2013847028L, -1297505713L, -533836027L, -1158477892L, 
-964189550L, -1679406707L, -38669881L, 1917244078L, -792069368L, 
1212950795L, 1175975913L, -1850175304L, 1675302758L, -1410894847L, 
892109459L, -1977686718L, -867554572L, -1041393929L, -660310291L, 
-1841528444L, 497586090L, 1590220053L, 778133423L, -337678410L, 
1230181856L, 892955939L, 1312113217L, 1120152880L, -179099826L, 
1561800121L, -1114370101L, -1739963270L, 193516924L, 862301631L, 
2037615253L, 1287354540L, 676299394L, 2076904029L, -1324499625L, 
-1958543298L, 2111280248L, -1047888037L, 1618856633L, 720357128L, 
-484819530L, -41311503L, -44751581L, 485556082L, -1536340540L, 
-2042587769L, 1114625885L, -659048108L, -704496774L, -908870971L, 
1915972639L, -1344128090L, -1377944272L, -1542488109L, 1004006897L, 
-1814422752L, 1883002302L, -1151341111L, -752291461L, -227035318L, 
-1690277972L, -2032882001L, 373206117L, 559799324L, -773246350L, 
-2116827923L, -803119833L, -1377269426L, 978889128L, 828698027L, 
1652319945L, -1896808744L, 387343238L, 792720993L, -1954091021L, 
904692322L, 602551508L, -925461033L, 902176717L, 439016292L, 
336625482L, 1084139189L, 1557839375L, -1444876522L, 1797765568L, 
-468907645L, -166645855L, -1180401776L, -1490852754L, 24760857L, 
-728851797L, 1224466074L, -1141867940L, -829896865L, -314762955L, 
937048268L, 866877986L, -479454083L, 982664567L, 2063002270L, 
364210520L, -413790021L, 1010159193L, -1017864728L, 2063902742L, 
-340339823L, 1257299011L, -960703662L, -1642825756L, 392971815L, 
-294125955L, -607977612L, 331141978L, 642385317L, -1685052993L, 
1785809478L, -1849390896L, -1263492365L, 1207442848L, -917148996L, 
-1931445808L, 857283938L, 1561448424L, -1605630004L, -1093513476L, 
2114896370L, -305772416L, 648176884L, -111933816L, -677095622L, 
-2120641712L, -726530452L, -224182124L, -94424750L, 444399328L, 
1373983436L, -1490399072L, 348208002L, -975269144L, -526765332L, 
1945803836L, 597037682L, 2118816880L, 483976740L, -715160520L, 
-1640097766L, -318301488L, 2028491836L, 130630804L, 830176386L, 
-827537472L, 846666044L, -1519627632L, 1736625186L, 1712055304L, 
2126891148L, -1563239396L, 1870067346L, -854154112L, -1178292204L, 
-1843559128L, 1705381434L, 1525286096L, 2078741612L, -1367682380L, 
-16091118L, 1222027232L, 1620299724L, 1979133408L, 434437666L, 
-830863064L, -1374719732L, -145947076L, 270815474L, 469674736L, 
-1331973308L, 2015910488L, 832610874L, -1878882576L, -1949741892L, 
-1511084524L, 506462402L, 1936547936L, 2126663036L, 1178582224L, 
-1691227102L, -1241171288L, 1789869964L, 587381180L, -2130983886L, 
-1757862080L, 984545460L, 2037175112L, 278522554L, 1261080336L, 
795957484L, -661654444L, 1469175570L, 658125728L, -1668440116L, 
2124655456L, 497320130L, 1185973800L, 1393169836L, 1823862588L, 
1843560306L, -514272464L, -1745108444L, 948056120L, -675935014L, 
1043202448L, 1329329916L, -1499132012L, 1105511234L, 652769792L, 
1968497212L, -168552880L, -1625640286L, 761903944L, -423560692L, 
-1521226532L, -708136366L, -746215296L, -453870764L, 25891304L, 
-916182278L, 1580930896L, -1659780052L, 596317556L, -361529710L, 
-1675134368L, -574926196L, -1850348704L, 1895264994L, 1428633768L, 
1422651596L, 1763238396L, 599883698L, 1016673776L, -1301713468L, 
216553304L, -162301062L, 1042922928L, 135643580L, -731594668L, 
1384215490L, 1021690656L, 1284175804L, -1905970608L, 1944677858L, 
-55774872L, -1357746868L, -451690244L, -1999224078L, 1350455040L, 
357039732L, -1234059256L, 783782330L, -852889648L, 123144684L, 
-471234668L, -1609682222L, 1340284512L, 1118192972L, 1048241440L, 
1509214850L, -199992856L, -2041643028L, 1368991292L, -1907620238L, 
-1866126480L, -515127004L, 1178591800L, 50649498L, 1627322832L, 
-44063300L, 152385684L, 655185026L, 314230208L, -623260868L, 
334326928L, 1678220066L, 1276671496L, 730629388L, 1437955484L, 
-140833262L, 754703232L, -68766956L, 1824633128L, 909886522L, 
-1420489776L, -1303692692L, 1402171956L, -417269102L, 1030505824L, 
2123462988L, -1904769056L, 713061794L, 96122280L, 353146508L, 
-1255735876L, -1657631118L, -1811770384L, 197635652L, 103821400L, 
1674229818L, -1216126864L, 1246443580L, -524738284L, 1959125698L, 
1699276512L, 526604412L, 23000784L, -1314621022L, 389793832L, 
-1852060916L, -1168176708L, -1298836686L, -1494918464L, -905434060L, 
1630015176L, -1587063622L, -1457662320L, 1425366764L, 245361236L, 
1281004178L, -900802272L, 1238614476L, 1661346528L, 1026584770L, 
1086237736L, 839636908L, 941742780L, 314272754L, 1528002096L, 
-1783562332L, -74928712L, -1538250918L, 64786576L, 1952357244L, 
-1992228588L, -1105217214L, -993615616L, -424137284L, 1159389520L, 
1135530131L, 1065169588L, -555442238L, -1178825769L, 1846830113L, 
675836902L, -318898460L, -1958786539L, -1597472193L, -1068901928L, 
-953217034L, 1607669763L, -1023626427L, 923432802L, -912844592L, 
1258136569L, 2031025963L, -1497342820L, -319540534L, -474498113L, 
-1850362103L, 1225277470L, 973984204L, -311411811L, 1598174759L, 
-1011925936L, -2109659922L, 1974534555L, -1365379075L, -1884761366L, 
2001864072L, -1479654607L, -1003742301L, -71619676L, -1892866478L, 
-1601165913L, 754336241L, -213256906L, -731234860L, -1590316187L, 
-1250395281L, 316372392L, -1858139386L, -1363374541L, 1325958293L, 
-439968526L, -1570501312L, 1074688681L, 1356495643L, -1088697108L, 
1204072698L, -276475601L, -471554759L, 1977247566L, -992154212L, 
-1453576435L, 403024247L, 455454080L, 689179614L, -966851413L, 
-296755283L, 2014753818L, -530441512L, -861957311L, 1200808947L, 
-1978192364L, 1411770274L, 1930123447L, -980778367L, -46267770L, 
1778209476L, 1622135797L, -570447265L, -1594958664L, 485341590L, 
-1937996893L, 1717991269L, -1848897918L, -392311824L, -1511707239L, 
1268278155L, 162680444L, 119047338L, -1464813857L, 180538473L, 
-980851074L, 1649774188L, -1694223683L, -1559089273L, 1869339504L, 
1776642574L, 1194542907L, 698145821L, -1153706806L, -1265102872L, 
-323494703L, 578205891L, -1449881660L, -2016441230L, 1554130247L, 
355358993L, 632261782L, -719117836L, 488985477L, -169575729L, 
1000908744L, 1783139942L, 170025107L, 277585909L, 1189853650L, 
510747168L, 596581385L, -1999036101L, 287188108L, -409669350L, 
-928274545L, 1247099097L, -1258137746L, 1901481724L, -567481235L, 
1843247127L, 912294368L, 1680076222L, 299078539L, 1778304013L, 
-1822071750L, -50535304L, -731975647L, 1557093075L, -1872504332L, 
-952892798L, -323936489L, -1776364063L, 387050278L, -1687927260L, 
1337524437L, 66248831L, -262163176L, -2073760714L, -305220925L, 
-936321275L, -1826336094L, -517341040L, 309645369L, 1695539435L, 
